1
 2.06158
-3.20093
 1.69115
0.79133656 -0.21473275 -0.57243017
0.57773238 0.56897336 0.58523040
0.20002938 -0.79382565 0.57430748
0.64683754
2
 1.99157
-3.29034
 1.72706
0.80418543 -0.20530237 -0.55779632
0.56363546 0.56131031 0.60600809
0.18868192 -0.80173666 0.56711326
0.64186564
3
  1.9818
-3.25116
 1.67399
0.80480767 -0.21407807 -0.55358396
0.56120136 0.57810953 0.59231951
0.19322955 -0.78737535 0.58540789
0.64275570
4
 1.99203
-3.23213
 1.66048
0.80072722 -0.21785187 -0.55801119
0.56568830 0.58143662 0.58474628
0.19706006 -0.78388266 0.58880838
0.64500671
5
 1.94653
-3.18121
 1.56791
0.80212245 -0.26926394 -0.53300705
0.57473363 0.59041072 0.56665372
0.16211366 -0.76086274 0.62833673
0.68864722
6
 1.91091
-3.13863
 1.49545
0.80328224 -0.29689678 -0.51632349
0.57709984 0.60236436 0.55146437
0.14728688 -0.74095174 0.65520767
0.71266403
7
1.92053
-3.1197
1.48527
0.80121593 -0.26900065 -0.53450134
0.57030535 0.61366888 0.54604241
0.18112107 -0.74232685 0.64509379
0.65378263
8
 1.92336
-3.12214
 1.49013
0.80476889 -0.24561752 -0.54038789
0.56151825 0.61019551 0.55889060
0.19246894 -0.75321542 0.62898508
0.63759206
9
 1.91767
-3.12821
 1.49197
0.80927325 -0.24077103 -0.53582285
0.55674227 0.60533946 0.56886043
0.18738960 -0.75867875 0.62393244
0.64483706
10
  1.9098
-3.13096
 1.48964
0.81067607 -0.24883259 -0.52998741
0.55817808 0.60172490 0.57128310
0.17675277 -0.75895289 0.62669688
0.63876627
11
 1.91761
-3.13791
 1.50283
0.80539290 -0.23453464 -0.54436733
0.56284303 0.59059739 0.57827540
0.18587631 -0.77213226 0.60766913
0.64833388
12
  1.9028
-3.10796
 1.46348
0.80306015 -0.28131711 -0.52531426
0.57047013 0.61770856 0.54129472
0.17221565 -0.73436831 0.65654014
0.71109174
13
  1.9068
-3.10549
  1.4645
0.80315756 -0.25754421 -0.53722333
0.56476255 0.61623354 0.54890754
0.18968708 -0.74426286 0.64038395
0.64409547
14
 1.90197
-3.08391
 1.43856
0.79736534 -0.28778031 -0.53046301
0.57645575 0.62335602 0.52832381
0.17862612 -0.72705555 0.66293510
0.71396036
15
 1.90487
-3.09187
 1.44878
0.80212320 -0.25841203 -0.53835081
0.56883801 0.60498367 0.55715176
0.18171873 -0.75313875 0.63226602
0.63959927
16
 1.9124
-3.0959
1.45906
0.80049521 -0.23487514 -0.55139921
0.56583265 0.59947380 0.56609590
0.19758753 -0.76515674 0.61277593
0.65224512
17
 1.92118
-3.10208
 1.47271
0.79593334 -0.22493278 -0.56204569
0.57177745 0.58434397 0.57585820
0.19889862 -0.77970980 0.59371034
0.66945020
18
 1.90634
-3.09097
 1.44988
0.80426802 -0.28131330 -0.52346517
0.57226626 0.60408811 0.55460696
0.16020077 -0.74561410 0.64683485
0.68168462
19
 1.90972
-3.09132
 1.45306
0.80223376 -0.25937440 -0.53772290
0.56917581 0.60409748 0.55776799
0.18016632 -0.75351918 0.63225703
0.64058202
20
 1.90407
-3.11901
 1.48122
0.81948448 -0.22206701 -0.52832890
0.55270339 0.54999679 0.62611700
0.15153926 -0.80510234 0.57345102
0.73538658
21
 1.90701
-3.12294
 1.48725
0.81128847 -0.22424465 -0.53993088
0.55938034 0.56628393 0.60532317
0.17001370 -0.79311843 0.58485767
0.68197982
22
 1.90131
-3.12118
 1.47915
0.80369705 -0.28021647 -0.52492836
0.58037209 0.56380604 0.58761467
0.13129847 -0.77691794 0.61575906
0.65807892
23
 1.90022
-3.12241
 1.47929
0.80910178 -0.25821910 -0.52789885
0.56566413 0.58571482 0.58048449
0.15930600 -0.76828448 0.61996819
0.63696890
24
 1.89965
-3.12963
 1.48604
0.81265336 -0.23833408 -0.53178133
0.55829847 0.57996714 0.59324609
0.16702494 -0.77899614 0.60437380
0.65239904
25
 1.90029
-3.14051
 1.49803
0.81302418 -0.22872305 -0.53542269
0.56025188 0.55761236 0.61252451
0.15845983 -0.79796881 0.58149485
0.69283928
26
 1.90334
-3.14208
 1.50176
0.80865125 -0.22298456 -0.54439052
0.56000019 0.57527518 0.59620320
0.18023025 -0.78697926 0.59006839
0.65869887
27
 1.90344
-3.14522
 1.50481
0.80849810 -0.23240778 -0.54066390
0.56225803 0.57633124 0.59304992
0.17377208 -0.78347235 0.59663585
0.65213825
28
 1.89554
-3.14353
 1.49599
0.80939025 -0.28163444 -0.51533432
0.57227859 0.57525839 0.58444418
0.13185078 -0.76795822 0.62678189
0.66775498
29
 1.89531
-3.15049
 1.50326
0.81328530 -0.24988284 -0.52547654
0.56270307 0.56761766 0.60097874
0.14809549 -0.78445443 0.60224494
0.65645002
30
 1.89462
-3.16374
 1.51789
0.81798882 -0.22532014 -0.52926848
0.55763731 0.53644249 0.63345882
0.14119107 -0.81330209 0.56445088
0.73590800
31
  1.8943
-3.16876
   1.523
0.81575673 -0.22832281 -0.53142229
0.55897728 0.54728193 0.62291804
0.14861142 -0.80520257 0.57407618
0.70498196
32
 1.89633
-3.16774
 1.52369
0.80964734 -0.22903410 -0.54038372
0.56074910 0.57372021 0.59699713
0.17329636 -0.78637682 0.59294171
0.65184077
33
 1.89687
-3.17332
 1.53014
0.81197919 -0.21873266 -0.54115230
0.55765046 0.56452384 0.60855468
0.17238259 -0.79590757 0.58035798
0.67437871
34
 1.89893
-3.16425
 1.52312
0.80092859 -0.24475006 -0.54645293
0.56625310 0.60623442 0.55842391
0.19460429 -0.75668833 0.62414096
0.65575514
35
 1.89898
-3.16835
 1.52739
0.80774587 -0.23236678 -0.54180466
0.56068249 0.58677229 0.58423747
0.18215859 -0.77569579 0.60424688
0.63112559
36
  1.9003
-3.16265
 1.52276
0.80277406 -0.24392293 -0.54410974
0.56315454 0.61006903 0.55738025
0.19598667 -0.75386828 0.62711390
0.64793021
37
 1.90129
-3.16223
 1.52287
0.80385210 -0.23929679 -0.54457216
0.56222306 0.60460797 0.56422906
0.19423446 -0.75972775 0.62055356
0.63485107
38
 1.90324
-3.15052
 1.51388
0.79482710 -0.25984315 -0.54838983
0.56727878 0.63908758 0.51938603
0.21551023 -0.72391201 0.65536764
0.71729084
39
 1.90372
-3.15352
 1.51736
0.80037468 -0.24899834 -0.54534411
0.56891361 0.60231991 0.55995359
0.18904410 -0.75842636 0.62374015
0.65624398
40
 1.90479
-3.15263
 1.51688
0.80139150 -0.24501422 -0.54565529
0.56686861 0.60221536 0.56213578
0.19087074 -0.75980570 0.62150114
0.64269373
41
 1.90459
-3.15088
 1.51512
0.80309680 -0.24805956 -0.54175824
0.56472262 0.60689647 0.55925399
0.19006286 -0.75507822 0.62748146
0.64081399
42
1.90694
-3.1523
 1.5183
0.79960902 -0.24099896 -0.55004083
0.57101641 0.58870068 0.57216411
0.18591845 -0.77158992 0.60834474
0.64675803
43
 1.90648
-3.15829
 1.52444
0.81047668 -0.22039502 -0.54272791
0.55885672 0.56854818 0.60368215
0.17551842 -0.79257744 0.58396428
0.66199268
44
 1.90704
-3.15338
 1.52008
0.80382318 -0.24036242 -0.54414539
0.56279890 0.60356875 0.56476735
0.19268031 -0.76021751 0.62043826
0.64183895
45
 1.90645
-3.15759
  1.5239
0.81159156 -0.22459068 -0.53933121
0.55515387 0.58405292 0.59218778
0.18199811 -0.78002642 0.59869481
0.65068987
46
 1.90619
-3.15225
  1.5187
0.80694569 -0.24310096 -0.53827556
0.55691500 0.61667318 0.55638104
0.19668334 -0.74874302 0.63300834
0.64479958
47
 1.90683
-3.15035
 1.51701
0.80428911 -0.24567473 -0.54107574
0.56076254 0.61507930 0.55427685
0.19663267 -0.74921384 0.63246677
0.65316614
48
1.90617
-3.1495
1.51568
0.80862848 -0.23975685 -0.53724914
0.55446287 0.61589334 0.55968413
0.19670006 -0.75046122 0.63096516
0.64373928
49
 1.90671
-3.15364
  1.5205
0.80996122 -0.22398155 -0.54202868
0.55667800 0.58448772 0.59032509
0.18458718 -0.77987587 0.59809799
0.64790388
50
 1.90647
-3.15589
 1.52234
0.81252176 -0.22125499 -0.53930939
0.55353484 0.58293148 0.59480256
0.18277738 -0.78181655 0.59611686
0.65282128
51
 1.90717
-3.15767
 1.52477
0.80967430 -0.22159345 -0.54343709
0.55786249 0.57816259 0.59541369
0.18225522 -0.78525433 0.59174207
0.66152760
52
 1.90187
-3.15186
  1.5147
0.81435832 -0.27276264 -0.51227051
0.55752077 0.61286996 0.55996518
0.16121762 -0.74161375 0.65116659
0.71192133
53
 1.90242
-3.15494
 1.51838
0.81204135 -0.24561742 -0.52939676
0.55952182 0.58553464 0.58658718
0.16590411 -0.77254208 0.61290665
0.64668320
54
 1.90204
-3.15664
 1.51983
0.81332410 -0.23497654 -0.53224988
0.55566873 0.58485920 0.59090775
0.17244178 -0.77635413 0.60624920
0.64835302
55
 1.89772
-3.15058
 1.51063
0.80973083 -0.28964675 -0.51033395
0.56679698 0.61120520 0.55242138
0.15191171 -0.73656837 0.65908260
0.73161812
56
 1.89804
-3.15298
 1.51324
0.81117480 -0.25405426 -0.52673700
0.56101731 0.59233336 0.57827396
0.16509094 -0.76458984 0.62301474
0.63723864
57
 1.89919
-3.14618
 1.50795
0.79718910 -0.27282600 -0.53856803
0.57243630 0.62505336 0.53068351
0.19184949 -0.73135099 0.65446123
0.69532523
58
 1.89845
-3.15001
 1.51143
0.80947330 -0.24131023 -0.53527782
0.55947176 0.59362525 0.57844655
0.17816936 -0.76770987 0.61553005
0.62971717
59
1.89817
-3.1519
1.51304
0.81229425 -0.23181577 -0.53520043
0.55544719 0.58738779 0.58860343
0.17792263 -0.77539476 0.60589314
0.64698214
60
 1.89816
-3.15232
 1.51343
0.81074770 -0.23368783 -0.53672914
0.55680111 0.59089208 0.58379712
0.18072271 -0.77216355 0.60918204
0.63776256
61
 1.89313
-3.15332
 1.51012
0.81724164 -0.28094554 -0.50317562
0.56297390 0.57584285 0.59284517
0.12319288 -0.76777250 0.62876777
0.67644177
62
 1.89393
-3.15391
  1.5112
0.81373821 -0.24866784 -0.52535172
0.55827356 0.58591233 0.58739882
0.16174286 -0.77127884 0.61560393
0.64925437
63
  1.8934
-3.15927
 1.51654
0.81931000 -0.22233670 -0.52848606
0.55144524 0.55792916 0.62017997
0.15696902 -0.79955078 0.57972345
0.69233056
64
 1.89195
-3.16055
 1.51668
0.82071419 -0.23021792 -0.52290336
0.54833860 0.57445703 0.60772025
0.16047742 -0.78549273 0.59770241
0.66153252
65
 1.89214
-3.16459
 1.52107
0.81883078 -0.21911748 -0.53056921
0.55159576 0.55623969 0.62156217
0.15892851 -0.80161396 0.57633045
0.70038293
66
  1.8912
-3.16077
 1.51676
0.81495765 -0.24072897 -0.52715614
0.54977486 0.60883701 0.57189606
0.18328023 -0.75588826 0.62852311
0.64960453
67
 1.89051
-3.16152
 1.51696
0.81644953 -0.23633575 -0.52683544
0.54863250 0.60199360 0.58017763
0.18003485 -0.76272479 0.62115887
0.64676899
68
1.89326
-3.1572
1.51489
0.79758957 -0.24354969 -0.55184638
0.56560975 0.61988010 0.54390649
0.20961033 -0.74594384 0.63216398
0.67627691
69
 1.89436
-3.15793
 1.51626
0.80082361 -0.22972371 -0.55309002
0.56322416 0.60285825 0.56510217
0.20361751 -0.76406082 0.61216907
0.64500574
70
1.88931
 -3.153
1.50785
0.81140442 -0.28874450 -0.50818253
0.56137072 0.62708526 0.54002499
0.16274453 -0.72345746 0.67091246
0.77788186
71
 1.88913
-3.15367
 1.50819
0.81263209 -0.26114357 -0.52099245
0.55694325 0.61122067 0.56233754
0.17159052 -0.74713676 0.64213967
0.65464445
72
1.88858
-3.1546
1.50868
0.81609576 -0.24417436 -0.52380015
0.55065349 0.60363893 0.57654208
0.17540937 -0.75894593 0.62708264
0.64232874
73
 1.88794
-3.15459
 1.50808
0.81725172 -0.23808458 -0.52480030
0.54694181 0.60731734 0.57621203
0.18153313 -0.75794550 0.62654955
0.64408370
74
 1.88816
-3.15524
 1.50884
0.81309368 -0.23643349 -0.53195665
0.55351483 0.59699528 0.58070472
0.18027757 -0.76661323 0.61628252
0.63570075
75
  1.8897
-3.15502
 1.50969
0.80368185 -0.23721745 -0.54573195
0.56492362 0.59231271 0.57447973
0.18696735 -0.76999580 0.61004072
0.65174980
76
 1.89098
-3.15448
  1.5099
0.80004470 -0.23664044 -0.55129827
0.56778757 0.59544822 0.56838253
0.19376729 -0.76775173 0.61074669
0.64951205
77
 1.89146
-3.15438
 1.51004
0.80355623 -0.23394818 -0.54732590
0.56275517 0.59816619 0.57052943
0.19391753 -0.76646295 0.61231571
0.64112686
78
 1.89165
-3.15322
 1.50895
0.80472568 -0.23845941 -0.54364850
0.56015546 0.60825572 0.56236185
0.19657683 -0.75707470 0.62305333
0.64933237
79
 1.89145
-3.15316
 1.50873
0.80871385 -0.23606757 -0.53875228
0.55568380 0.60694907 0.56817985
0.19286636 -0.75887083 0.62202704
0.64825079
80
  1.8914
-3.15306
 1.50862
0.80948050 -0.23660456 -0.53736357
0.55556056 0.60478683 0.57060087
0.18998364 -0.76042828 0.62101131
0.64196430
81
 1.89048
-3.15436
 1.50912
0.81680046 -0.23002666 -0.52907915
0.54744585 0.59841026 0.58498564
0.18204410 -0.76745872 0.61470892
0.62935181
82
  1.8885
-3.15202
 1.50504
0.81170480 -0.27493913 -0.51530941
0.56265302 0.60480171 0.56359247
0.15670639 -0.74741111 0.64561578
0.69052898
83
 1.88811
-3.15163
 1.50441
0.81246651 -0.25885161 -0.52239259
0.55721170 0.60835321 0.56517386
0.17150304 -0.75026810 0.63850175
0.64923361
84
 1.88842
-3.14856
 1.50178
0.80504012 -0.26314337 -0.53166341
0.56134840 0.62773099 0.53929748
0.19182905 -0.73260451 0.65306374
0.67214869
85
1.88894
-3.1455
1.49929
0.79934079 -0.26766061 -0.53797036
0.56627228 0.63500821 0.52545246
0.20097267 -0.72465328 0.65915674
0.70014102
86
 1.88838
-3.14725
 1.50054
0.81044063 -0.24433014 -0.53243662
0.55588504 0.60756109 0.56732825
0.18487238 -0.75575942 0.62821166
0.63501061
87
 1.88872
-3.14828
 1.50183
0.80951801 -0.23638889 -0.53740198
0.55839973 0.59268758 0.58044050
0.18130179 -0.76996216 0.61179076
0.63951132
88
 1.88936
-3.14699
 1.50094
0.80349238 -0.24490808 -0.54260486
0.56409056 0.60452307 0.56245328
0.19026780 -0.75800521 0.62388001
0.64688846
89
 1.89082
-3.14734
  1.5023
0.79656753 -0.24413245 -0.55306376
0.57535892 0.58698111 0.56957466
0.18558632 -0.77191484 0.60803387
0.65880146
90
  1.8903
-3.14411
 1.49899
0.80113662 -0.25829548 -0.53987365
0.56480033 0.62465036 0.53927036
0.19794117 -0.73695005 0.64631565
0.67582608
91
 1.89021
-3.14258
 1.49739
0.80378104 -0.25773041 -0.53620058
0.56110955 0.62795212 0.53928860
0.19771722 -0.73433723 0.64935101
0.66997827
92
 1.89072
-3.13896
  1.4944
0.79787429 -0.26586087 -0.54103106
0.56464442 0.64392167 0.51627664
0.21112387 -0.71741403 0.66388540
0.70927778
93
 1.89042
-3.13608
 1.49152
0.80276983 -0.26181700 -0.53573544
0.55571362 0.65425102 0.51296977
0.21620125 -0.70951213 0.67070825
0.72186850
94
 1.89107
-3.13895
 1.49516
0.80668941 -0.22960189 -0.54455042
0.55831652 0.59816566 0.57487434
0.19373913 -0.76777654 0.61072443
0.64716762
95
 1.89144
-3.13933
 1.49575
0.80591561 -0.23246741 -0.54448042
0.56087451 0.59421425 0.57648001
0.18952521 -0.76997943 0.60927159
0.64259125
96
1.89204
-3.1365
1.49352
0.79989504 -0.24841402 -0.54631346
0.56396364 0.62241480 0.54271984
0.20521437 -0.74221984 0.63796299
0.66736912
97
 1.89205
-3.13648
 1.49346
0.80598374 -0.23860650 -0.54171686
0.55687200 0.61594395 0.55723122
0.20070823 -0.75078625 0.62931409
0.64968474
98
 1.89285
-3.13684
 1.49444
0.80203981 -0.23730441 -0.54810470
0.56506430 0.59875342 0.56762372
0.19347995 -0.76497121 0.61431633
0.65620749
99
 1.89307
-3.13609
 1.49378
0.80378911 -0.23925923 -0.54468164
0.56112916 0.60905251 0.56052574
0.19762876 -0.75618123 0.62380511
0.64254693
100
 1.89224
-3.14056
 1.49827
0.81968846 -0.20780832 -0.53378510
0.54656845 0.56257099 0.62030380
0.17138772 -0.80020596 0.57471442
0.70517189
