# oST version 5.0 parameters


[image]

width
640

height
480

[narrow_stereo]

camera matrix
562.815737 0.000000 282.838888
0.000000 558.964834 238.546296
0.000000 0.000000 1.000000

distortion
0.035478 -0.028680 -0.000704 0.000488 0.000000

rectification
1.000000 0.000000 0.000000
0.000000 1.000000 0.000000
0.000000 0.000000 1.000000

projection
569.145508 0.000000 283.299936 0.000000
0.000000 565.398987 238.180769 0.000000
0.000000 0.000000 1.000000 0.000000
