# oST version 5.0 parameters


[image]

width
640

height
480

[narrow_stereo]

camera matrix
554.836630 0.000000 286.255120
0.000000 554.824753 229.893126
0.000000 0.000000 1.000000

distortion
0.025321 0.016138 -0.002385 -0.003418 0.000000

rectification
1.000000 0.000000 0.000000
0.000000 1.000000 0.000000
0.000000 0.000000 1.000000

projection
564.459412 0.000000 285.036389 0.000000
0.000000 564.450195 228.999277 0.000000
0.000000 0.000000 1.000000 0.000000
