# oST version 5.0 parameters


[image]

width
640

height
480

[narrow_stereo]

camera matrix
548.267942 0.000000 288.228700
0.000000 550.634476 232.191282
0.000000 0.000000 1.000000

distortion
0.013502 0.008585 -0.002165 -0.000999 0.000000

rectification
1.000000 0.000000 0.000000
0.000000 1.000000 0.000000
0.000000 0.000000 1.000000

projection
554.166199 0.000000 288.054141 0.000000
0.000000 555.873779 231.127019 0.000000
0.000000 0.000000 1.000000 0.000000