# oST version 5.0 parameters


[image]

width
640

height
480

[narrow_stereo]

camera matrix
550.561093 0.000000 287.833134
0.000000 550.076485 237.796577
0.000000 0.000000 1.000000

distortion
0.012798 0.011508 0.000566 -0.001935 0.000000

rectification
1.000000 0.000000 0.000000
0.000000 1.000000 0.000000
0.000000 0.000000 1.000000

projection
556.017700 0.000000 287.115764 0.000000
0.000000 555.677490 238.068538 0.000000
0.000000 0.000000 1.000000 0.000000
