# oST version 5.0 parameters


[image]

width
640

height
480

[narrow_stereo]

camera matrix
825.053672 0.000000 328.349116
0.000000 829.374142 221.860030
0.000000 0.000000 1.000000

distortion
-0.102728 0.433322 -0.003397 -0.005997 0.000000

rectification
1.000000 0.000000 0.000000
0.000000 1.000000 0.000000
0.000000 0.000000 1.000000

projection
825.515686 0.000000 325.640169 0.000000
0.000000 833.250305 221.052992 0.000000
0.000000 0.000000 1.000000 0.000000
